00110011 (51)
00011011 (27)
00101100 (44)
00110010 (50)
01100011 (99)
01001010 (74)
00111010 (58)
00011100 (28)
00111110 (62)
01010100 (84)
00101101 (45)
01001011 (75)
01000111 (71)
01100001 (97)
01000111 (71)
00110011 (51)
00100011 (35)
01001000 (72)
01000011 (67)
00101110 (46)
01011011 (91)
00100010 (34)
00101010 (42)
01001001 (73)
00100000 (32)
00111110 (62)
00111101 (61)
01100000 (96)
00010010 (18)
00001111 (15)
00111001 (57)
00101110 (46)
00010101 (21)
00011100 (28)
01001111 (79)
00100000 (32)
00011011 (27)
00011101 (29)
00100011 (35)
01011110 (94)
01011101 (93)
00111101 (61)
00001100 (12)
00001101 (13)
00101011 (43)
01010100 (84)
00011111 (31)
01000111 (71)
01011101 (93)
00100110 (38)
01010111 (87)
00011000 (24)
01011100 (92)
01100001 (97)
01000011 (67)
01011001 (89)
01011101 (93)
00011111 (31)
01011001 (89)
01000100 (68)
01010110 (86)
01001011 (75)
00111100 (60)
00110100 (52)
00011100 (28)
00111000 (56)
00110010 (50)
00101010 (42)
00001110 (14)
01000100 (68)
01100000 (96)
00110111 (55)
00111100 (60)
01001111 (79)
01010000 (80)
00111100 (60)
01001100 (76)
00111101 (61)
00001101 (13)
00110000 (48)
00010011 (19)
00100001 (33)
01000000 (64)
01001010 (74)
00101110 (46)
00111100 (60)
00011010 (26)
01100000 (96)
01010001 (81)
00100110 (38)
00100010 (34)
00110001 (49)
01000010 (66)
01010011 (83)
00111001 (57)
00100110 (38)
00010010 (18)
00010110 (22)
01001111 (79)
01010001 (81)
